20250320181941699936
20250320192106788056
20250320204155756620
20250320205205235224
20250320223538684841
20250320223849214389
20250320225931384033
20250320230231800319
20250320234449703819
20250320234700431716
20250321003855699793
20250321012512564936
20250321025409969139
20250321025717139459
20250321030111150684
20250321030542725935
20250321040138918100
20250321043213392345
20250321050822092894
20250321062622488462
20250321090441108070
20250321092432118774
20250321092540864955
20250321102210325486
20250321111720443608
20250321112144748433
20250321114239878527
20250321114538807334
20250321131454214158
20250321141840877581
20250321142505901653
20250321144415070996
20250321144722221081
20250321151937732597
20250321152015286634
20250321155107635610
20250321180055038088
20250321210015834839
20250321210116163263
20250321211519984127
20250321211721759889
20250321212831950991
20250321225614363808
20250322001041444207
20250322002701660383
20250322002915208287
20250322002943090144
20250322020241140095
20250322020756516644
20250322035350348919
20250322041029588242
20250322042822097592
20250322044935991490
20250322045046257075
20250322052504648637
20250322054227934054
20250322060622761612
20250322060933112443
20250322061931254831
20250322063246301376
20250322065454280715
20250322070224631864
20250322072436176919
20250322073530635640
20250322094132948833
20250322095607541179
20250322100234705128
20250322100414149753
20250322101301514741
20250322101529129061
20250322101722651305
20250322101754156061
20250322101949422756
20250322102104636925
20250322103006447860
20250322103116580364
20250322103211479606
20250322103307363428
20250322103818184128
20250322104526339045
20250322104819914729
20250322104918986172
20250322110313382570
20250322110337365522
20250322110525299680
20250322110543184649
20250322110951534516
20250322111035966844
20250322111042021223
20250322111605109390
20250322111827737653
20250322112029006239
20250322112200735337
20250322112816780235
20250322112901255153
20250322113139133769
20250322113339255520
20250322113930457460
20250322114128358931
20250322114324029605
20250322114351029690
20250322114359077804
20250322114713495527
20250322114904523542
20250322114916015057
20250322115115063568
20250322115402958677
20250322115403572263
20250322115441990976
20250322115620363469
20250322115634478659
20250322115740450824
20250322115938401413
20250322120046083322
20250322120414354584
20250322120805197568
20250322120925849964
20250322121112707624
20250322121729768751
20250322122032919026
20250322122347515099
20250322122731296343
20250322122812261533
20250322123500150175
20250322123503517813
20250322124410608837
20250322124504193008
20250322124519692875
20250322124922163216
20250322125846926791
20250322130006756321
20250322130011008904
20250322130339686185
20250322130400129262
20250322130502929756
20250322130858615464
20250322131031099056
20250322132321899020
20250322133926562736
20250322135236498324
20250322135241053546
20250322140148179364
20250322140220957562
20250322140449483006
20250322141018973303
20250322141123768673
20250322141430543582
20250322141801356206
20250322142011885292
20250322142320246128
20250322142536766430
20250322142738687407
20250322143017200261
20250322143416994543
20250322143418765490
20250322143819451774
20250322144156863023
20250322144254116082
20250322144536470773
20250322145007913202
20250322145122303953
20250322145308697786
20250322145632934329
20250322145654625566
20250322150025121412
20250322150046898510
20250322150251571734
20250322150346246439
20250322150844830338
20250322151003707217
20250322151246790518
20250322151253768635
20250322151304423517
20250322151907102144
20250322152104796797
20250322152131336947
20250322152143121701
20250322153243197259
20250322153308745874
20250322153344702263
20250322153429009474
20250322153759813190
20250322155243052206
20250322155650799736
20250322160425828478
20250322160722953219
20250322160844700370
20250322161141030810
20250322161842269069
20250322162034361396
20250322162444175378
20250322162644324986
20250322162745770075
20250322162846822521
20250322163054570144
20250322163122317844
20250322163624026559
20250322163707816678
20250322163920766320
20250322164043272813
20250322164053425056
20250322164309407262
20250322164349699070
20250322164554441702
20250322164802003431
20250322165301153800
20250322165303032171
20250322165435882231
20250322165721791741
20250322170043869372
20250322170603427225
20250322170953173480
20250322170959500916
20250322171300393227
20250322171545561241
20250322171831366188
20250322173114414187
20250322173253258437
20250322174416016452
20250322174417923260
20250322180059097796
20250322180307156756
20250322180805384621
20250322181205707883
20250322181512021463
20250322181705089092
20250322182151167242
20250322182309997226
20250322183453762488
20250322184657638740
20250322190624067329
20250322190941974828
20250322192555845893
20250322194001155137
20250322194428456628
20250322195322522932
20250322200056826857
20250322200428389154
20250322200540485890
20250322200936553702
20250322201135018625
20250322201211446498
20250322201643676309
20250322203811815501
20250322204641477657
20250322205142948496
20250322205724212077
20250322210810442265
20250322212110159665
20250322212234447269
20250322212323798458
20250322213855894929
20250322214018148712
20250322220507563597
20250322220526328769
20250322222015119954
20250322222900821413
20250322224137190147
20250322224553925918
20250322230225203985
20250322230555476611
20250322230618121633
20250322230928925177
20250322231025349400
20250322231032581051
20250322231710607001
20250322232713611229
20250322233035985367
20250322233622180048
20250322233657022449
20250322235020671280
20250322235235913750
20250322235559436781
20250323000253558023
20250323000311170013
20250323000409867390
20250323001024103049
20250323001738086107
20250323002030174014
20250323002643728982
20250323003106691638
20250323003540484362
20250323005221666010
20250323005900216547
20250323005908738363
20250323010244610768
20250323010327713880
20250323011029779178
20250323011236001922
20250323011240987986
20250323011607001269
20250323013600829464
20250323014205999250
20250323014548418503
20250323014604959765
20250323014723204664
20250323015547134046
20250323015624871024
20250323021732100207
20250323022244580599
20250323022540312612
20250323023110110834
20250323023116666286
20250323023934229609
20250323024151697807
20250323024343468774
20250323024847827162
20250323031255302334
20250323032010905841
20250323032319434224
20250323032331347378
20250323032725175579
20250323033215841802
20250323033538068543
20250323034202937777
20250323035748912560
20250323092305147660
20250323092547439734
20250323094014524099
20250323094542801626
20250323094730230054
20250323094757562230
20250323095128258988
20250323095354874423
20250323095507986694
20250323095548797024
20250323095651954320
20250323095940080796
20250323100119738739
20250323100701289319
20250323102250721169
20250323102650410293
20250323103059082237
20250323103155486174
20250323110428843121
20250323111211974734
20250323111609286639
20250323112243256120
20250323112746016374
20250323113356209931
20250323114048262328
20250323114309992052
20250323114817950571
20250323115217637961
20250323121026096475
20250323123346808089
20250323123608743337
20250323123736098947
20250323123911557133
20250323131957769981
20250323133346744540
20250323134308470571
20250323135305015682
20250323140133824332
20250323140629198648
20250323140826274523
20250323142722224243
20250323143649687803
20250323213814259246
20250323230301166516
20250323234459126349
20250324000430460073
20250324075524263993
20250324075652034944
20250324080829616606
20250324081037880601
20250324082112376174
20250324082922869744
20250324083013398334
20250324083022806437
20250324083900831809
20250324090426203118
20250324090656198067
20250324093019935797
20250324093942389148
20250324195457511090
20250324195501640761
20250324195627168986
20250324195707870699
20250324200015696860
20250324200212786306
20250324205935312282
20250324205949113631
20250324210121516169
20250324210728912485
20250324211451036754
20250324211553448025
20250324211915147935
20250324211935884511
20250324212220275360
20250324212240978128
20250324212431639809
20250324213114489746
20250324213427488011
20250324214731716167
20250324214735673977
20250324214945811598
20250324215001488491
20250324215016772997
20250324215156257522
20250324215315199895
20250324215820528717
20250324215933039183
20250324220218634426
20250324220331951689
20250324221115065158
20250324221337458084
20250324221813935187
20250324222219025219
20250324222251083221
20250324222453761016
20250324222744053982
20250324222807389444
20250324222831510655
20250324223323157898
20250324223731849667
20250324223743493358
20250324223909692415
20250324223916776179
20250324224234570779
20250324224314592672
20250324224441233776
20250324225201126494
20250324225301554257
20250324225441069035
20250324225955755391
20250324230340923488
20250324231432431007
20250324234255286741
20250325000928313864
20250325010748881718
20250325012231411374
20250325013440022985
20250325014706193399
20250325015641074558
