20250320174446059265
20250320185832139483
20250320190641665548
20250320191245902804
20250320191503128305
20250320192920748239
20250320193635303157
20250320194255414830
20250320195336101208
20250320200003918420
20250320204322338631
20250320210351777022
20250320215352718167
20250320222058152449
20250320225447126207
20250320230800586344
20250320232848612183
20250320233037024077
20250321002504225956
20250321002940862083
20250321003712724064
20250321005208588573
20250321022513013696
20250321032128072931
20250321032641509206
20250321034945017550
20250321040152778630
20250321042818555998
20250321043636382871
20250321044403903740
20250321044802265544
20250321045618333615
20250321050543586542
20250321091853115267
20250321103053313408
20250321110628326429
20250321114418474179
20250321124345084418
20250321124425303150
20250321131332451466
20250321133438067742
20250321134959122953
20250321141142046017
20250321152320931058
20250321162658913613
20250321164659059698
20250321164925902716
20250321170028537672
20250321171346047220
20250321180120537534
20250321183809221459
20250321185309089586
20250321191110067884
20250321201304597885
20250321213359975519
20250321220438546767
20250321221347058179
20250321225327900119
20250322004458893638
20250322011643344501
20250322011802244738
20250322015833002422
20250322022134656894
20250322022442605730
20250322043103580561
20250322060701352546
20250322064704661291
20250322070031331863
20250322075123896755
20250322080938334036
20250322091934938296
20250322095414420312
20250322100019318103
20250322101848527673
20250322102204487574
20250322102322142139
20250322102815686483
20250322103652290807
20250322103945146888
20250322104138646634
20250322104640766577
20250322104924634145
20250322105748349364
20250322111110896994
20250322111449530318
20250322111939921656
20250322112845828125
20250322113059971183
20250322113234605221
20250322113347014208
20250322113453008730
20250322113900268933
20250322114337220749
20250322114446122642
20250322114824594241
20250322114924953868
20250322115606690734
20250322120250089506
20250322120300879962
20250322120502651567
20250322120628752145
20250322120737483309
20250322120905954744
20250322121036006093
20250322121242546126
20250322121642720041
20250322121759599941
20250322121819113054
20250322121831026234
20250322121924375133
20250322122010666557
20250322122128404143
20250322122203107385
20250322122515270434
20250322122622396942
20250322123436596017
20250322123456665886
20250322123458076116
20250322123719497159
20250322124542050840
20250322124744479898
20250322124927333956
20250322124955287253
20250322125406329854
20250322125715176248
20250322130318575994
20250322130318792046
20250322130509959210
20250322130847337844
20250322130904243309
20250322131028008713
20250322131339902505
20250322132240044802
20250322132333453556
20250322132432715549
20250322132807023622
20250322132938348367
20250322133014582960
20250322133107994604
20250322133117800627
20250322133354524714
20250322133429276131
20250322133525270610
20250322133703057216
20250322133725159261
20250322134244879150
20250322135119159910
20250322140202885673
20250322140738894742
20250322141249065689
20250322141653938197
20250322141846074861
20250322142408120417
20250322142450972524
20250322143421348526
20250322143700260029
20250322144056684743
20250322144735796883
20250322144758000010
20250322144805453117
20250322145148244236
20250322145458685184
20250322150206176477
20250322150411173164
20250322151107979476
20250322151558089377
20250322151829011488
20250322152526227216
20250322152641976356
20250322153027774359
20250322153449598961
20250322153546525570
20250322154633397704
20250322154652839078
20250322154800701199
20250322155015314757
20250322155307536039
20250322155912761646
20250322161001966540
20250322161446645703
20250322161451522417
20250322161651732417
20250322161955739422
20250322162642580178
20250322162827786902
20250322162950781977
20250322163013425443
20250322163642888282
20250322164806648279
20250322165053508050
20250322165143619477
20250322165324766437
20250322165426898367
20250322165514376598
20250322165556942772
20250322165852544268
20250322170301188396
20250322170800510718
20250322170837287845
20250322171448202901
20250322171901048535
20250322172128066076
20250322172358050368
20250322172924249523
20250322173348599676
20250322173442660044
20250322173604461973
20250322173618476247
20250322173912424125
20250322174356811964
20250322174632709770
20250322175142200099
20250322175216115859
20250322175253813994
20250322175856068707
20250322180202023968
20250322180344489669
20250322180946178753
20250322181233866649
20250322181526790790
20250322181854861575
20250322181935398779
20250322182535301328
20250322182643388445
20250322183029000145
20250322183118666614
20250322183205470139
20250322183514030643
20250322183528292943
20250322183831460985
20250322184221387020
20250322184309052283
20250322184319494459
20250322184829394258
20250322184848430405
20250322185026590450
20250322185047891707
20250322185221319705
20250322185638536572
20250322185757698336
20250322190324177268
20250322190341790638
20250322190653673035
20250322190722684155
20250322190831212547
20250322190852845849
20250322191210995048
20250322191742398051
20250322192126120666
20250322192236455047
20250322192559565594
20250322192813986756
20250322192816741967
20250322192820174120
20250322192940342901
20250322193334546588
20250322193339108904
20250322193703879353
20250322194013754977
20250322194339530110
20250322194458260914
20250322194549339903
20250322194612096186
20250322194656536194
20250322195403513200
20250322195527737080
20250322200451879764
20250322200527074495
20250322201023779007
20250322201024175211
20250322201313997965
20250322202326419495
20250322203108551201
20250322203706070483
20250322203737201828
20250322204343211249
20250322204425912419
20250322204633602903
20250322204651832055
20250322205522416056
20250322205703187411
20250322210310765461
20250322210438864522
20250322211051313552
20250322211542694780
20250322211642316461
20250322211941749489
20250322212138472381
20250322213218594958
20250322213250485143
20250322213332266396
20250322213425694680
20250322213548089207
20250322213744013202
20250322213751617575
20250322213901723017
20250322214317183573
20250322214707379941
20250322215325033288
20250322215835101919
20250322220010000963
20250322220122821328
20250322220125307788
20250322220216551788
20250322220423800679
20250322220725934667
20250322220729859950
20250322220759086673
20250322221022354837
20250322221525384425
20250322221620733528
20250322222852008566
20250322223251089155
20250322223405842636
20250322223531118414
20250322224134564214
20250322224203329023
20250322224207693525
20250322224333111462
20250322224723967549
20250322225031233560
20250322225057189327
20250322225224917558
20250322225701184103
20250322225736541303
20250322225957983730
20250322230031550699
20250322230347897607
20250322230745190268
20250322230827338800
20250322230855891785
20250322231008251211
20250322231053737176
20250322231454231922
20250322232117477314
20250322232258168762
20250322232442909552
20250322232824114167
20250322233142794003
20250322233735562347
20250322234352450008
20250322234449364128
20250322234741492984
20250322234907857710
20250322235422616103
20250322235956708389
20250323000315852156
20250323000351959985
20250323000614924281
20250323001134684343
20250323001423892086
20250323001443329618
20250323001500955801
20250323001701860855
20250323001732883436
20250323001735264616
20250323001743696884
20250323001836416953
20250323001847804634
20250323002425715014
20250323002819854165
20250323002958084846
20250323003100968460
20250323003125937345
20250323003257249183
20250323003838929292
20250323003957311718
20250323004732285054
20250323005047097300
20250323005159144588
20250323005439416133
20250323005705150367
20250323005729070302
20250323005751679419
20250323010100845247
20250323010606861643
20250323011042997296
20250323011619245148
20250323012208528706
20250323012715128091
20250323012917171263
20250323013155891231
20250323013256451497
20250323013612133994
20250323014035231483
20250323014732759657
20250323014733151978
20250323015243739365
20250323015426944847
20250323020358563454
20250323020438958136
20250323021020885787
20250323021033039890
20250323021209871114
20250323021456368761
20250323022054470146
20250323022513877762
20250323022823669346
20250323022851340938
20250323022920454903
20250323023056756713
20250323023259298921
20250323024117214403
20250323024344482329
20250323025156525701
20250323025653549054
20250323030655096271
20250323031105781142
20250323032758971559
20250323093105778939
20250323093204590117
20250323093209441807
20250323094506224861
20250323094525024116
20250323095147120434
20250323095204767270
20250323095837195053
20250323095841362897
20250323100629700752
20250323101110788086
20250323101412557140
20250323101817003697
20250323102914854881
20250323105153221012
20250323105430745790
20250323110221959432
20250323110225523986
20250323110259102371
20250323110527585444
20250323111047892296
20250323111100667956
20250323111611781799
20250323111825717964
20250323111946521607
20250323112418445268
20250323113353146090
20250323113838714458
20250323114351049842
20250323114510225072
20250323115531566412
20250323120319012899
20250323120657764969
20250323123042726947
20250323130321920602
20250323131446507863
20250323135039668314
20250323142154223430
20250323153745070648
20250323181141336620
20250323184902457825
20250323185206369446
20250323190504274874
20250323190632128860
20250323191102916438
20250323221718305968
20250323222907668212
20250323231128451797
20250323231203079565
20250323232515361347
20250324000345677129
20250324002722227405
20250324004250012727
20250324005732742485
20250324075359626808
20250324082131674535
20250324083009884422
20250324091253666121
20250324093806811344
20250324094002709476
20250324094402716872
20250324095619880942
20250324100015691007
20250324102922838079
20250324195406101310
20250324195510455666
20250324195543368143
20250324195556585555
20250324200936670796
20250324200943774601
20250324201000109109
20250324205827860288
20250324210009854182
20250324210130772857
20250324210212304930
20250324210223532599
20250324210312186598
20250324210514881516
20250324210521883861
20250324210613031537
20250324210812996583
20250324210827827434
20250324210919785805
20250324210942766552
20250324211138125746
20250324211534438316
20250324211603832387
20250324211904704239
20250324211936013724
20250324212103777137
20250324212135684279
20250324212201667195
20250324212236457332
20250324212406371235
20250324212447508195
20250324212515606510
20250324212544556327
20250324212746758339
20250324213027524346
20250324213151484029
20250324213227641213
20250324213439013487
20250324213459167945
20250324213904677942
20250324214130372165
20250324214412717795
20250324214846150403
20250324215549742196
20250324220050355278
20250324220239016130
20250324220517218632
20250324220922612633
20250324220943448144
20250324221227976846
20250324221359242434
20250324221657096428
20250324221951174148
20250324221956345687
20250324222155061941
20250324222534656982
20250324222558888505
20250324222928925906
20250324223414147830
20250324223617347694
20250324223736692300
20250324223927257836
20250324224054899196
20250324224613389068
20250324225021782783
20250324225205833451
20250324225233527561
20250324230400867031
20250324230442721134
20250324231203179035
20250324231404436425
20250324233046137212
20250324235618391024
20250325001144264324
20250325010714662958
20250325010937607077
20250325010955211221
20250325011035187438
20250325011235324568
20250325011544460956
20250325012624312800
20250325013003103611
20250325013053234810
20250325013355437592
20250325014133373159
20250325014353614690
20250325015117659013
20250325015445733845
20250325015820363948
20250325021641072043
20250325022704913446
20250325023523969179
